0	0	1
0	1	-0.200564771272401
0	2	0.175194278706277
0	3	0
0	4	0
0	5	0
0	6	0
0	7	0
0	8	0
0	9	0.0604896511066532
0	10	0
0	11	0
0	12	0.0604896511066532
0	13	0
0	14	0.0604896511066532
0	15	7.07778933498304e-25
0	16	5.39894430712894e-23
0	17	3.78412310584636e-14
0	18	0
0	19	0
0	20	-2.59959039883015e-22
0	21	0
0	22	0
0	23	-1.32386005003102e-12
0	24	2.26969892899976e-23
0	25	0
0	26	0
0	27	2.26969892899976e-23
0	28	0
0	29	1.15896552447306e-21
1	1	1
1	2	0.747807215173845
1	3	0
1	4	0
1	5	0
1	6	0
1	7	0
1	8	0
1	9	0.659086732505721
1	10	0
1	11	0
1	12	0.659086732505721
1	13	0
1	14	0.659086732505721
1	15	6.10686779326675e-23
1	16	4.65832444939894e-21
1	17	3.26474579989294e-12
1	18	0
1	19	0
1	20	-2.2429821136149e-20
1	21	0
1	22	0
1	23	-1.14161282482639e-10
1	24	1.95834470820031e-21
1	25	0
1	26	0
1	27	1.95834470820031e-21
1	28	0
1	29	9.99980205673636e-20
2	2	1
2	3	0
2	4	0
2	5	0
2	6	0
2	7	0
2	8	0
2	9	0.659302942081813
2	10	0
2	11	0
2	12	0.659302942081813
2	13	0
2	14	0.659302942081813
2	15	2.86794960321809e-11
2	16	1.32658993191729e-09
2	17	2.72005413797181e-07
2	18	0
2	19	0
2	20	-3.17146046925515e-09
2	21	0
2	22	0
2	23	-2.13389647731389e-06
2	24	1.08549667520355e-09
2	25	0
2	26	0
2	27	1.08549667520355e-09
2	28	0
2	29	8.58152239420412e-09
3	3	1
3	4	0
3	5	0
3	6	0.590939064907837
3	7	0
3	8	0
3	9	0
3	10	0
3	11	0
3	12	0
3	13	0
3	14	0
3	15	0
3	16	0
3	17	0
3	18	2.00047003268844e-22
3	19	0
3	20	0
3	21	5.10892873591555e-12
3	22	0
3	23	0
3	24	0
3	25	0
3	26	-1.54017162444632e-21
3	27	0
3	28	0
3	29	0
4	4	1
4	5	0
4	6	0
4	7	0.590939064907837
4	8	0
4	9	0
4	10	0
4	11	0
4	12	0
4	13	0
4	14	0
4	15	0
4	16	0
4	17	0
4	18	0
4	19	2.00047003268844e-22
4	20	0
4	21	0
4	22	5.10892873591555e-12
4	23	0
4	24	0
4	25	0
4	26	0
4	27	0
4	28	-1.54017162444632e-21
4	29	0
5	5	1
5	6	0
5	7	0
5	8	0.590939064907837
5	9	0
5	10	0
5	11	0
5	12	0
5	13	0
5	14	0
5	15	5.19744579626159e-23
5	16	3.96461664778255e-21
5	17	7.17773694342767e-12
5	18	0
5	19	0
5	20	-1.9562004418429e-20
5	21	0
5	22	0
5	23	-2.56723840325034e-10
5	24	1.56331084662482e-21
5	25	0
5	26	0
5	27	1.56331084662482e-21
5	28	0
5	29	8.82530094294269e-20
6	6	1
6	7	0
6	8	0
6	9	0
6	10	0
6	11	0
6	12	0
6	13	0
6	14	0
6	15	0
6	16	0
6	17	0
6	18	4.59708380832084e-10
6	19	0
6	20	0
6	21	3.6433333434156e-07
6	22	0
6	23	0
6	24	0
6	25	0
6	26	-1.9144026957419e-09
6	27	0
6	28	0
6	29	0
7	7	1
7	8	0
7	9	0
7	10	0
7	11	0
7	12	0
7	13	0
7	14	0
7	15	0
7	16	0
7	17	0
7	18	0
7	19	4.59708380832084e-10
7	20	0
7	21	0
7	22	3.6433333434156e-07
7	23	0
7	24	0
7	25	0
7	26	0
7	27	0
7	28	-1.9144026957419e-09
7	29	0
8	8	1
8	9	0
8	10	0
8	11	0
8	12	0
8	13	0
8	14	0
8	15	1.6848894200006e-10
8	16	7.71170286558788e-09
8	17	1.38144831183521e-06
8	18	0
8	19	0
8	20	-1.83330595674437e-08
8	21	0
8	22	0
8	23	-1.03904202073771e-05
8	24	6.29962367433213e-09
8	25	0
8	26	0
8	27	6.29962367433213e-09
8	28	0
8	29	4.93590081910169e-08
9	9	1
9	10	0
9	11	0
9	12	0.333333333333333
9	13	0
9	14	0.333333333333333
9	15	5.25190844600364e-27
9	16	4.00616083345989e-25
9	17	1.78980270200289e-13
9	18	0
9	19	0
9	20	-2.12034707099479e-24
9	21	0
9	22	0
9	23	-9.26700219604682e-12
9	24	3.68439793897882e-25
9	25	0
9	26	0
9	27	1.22813264632627e-25
9	28	0
9	29	9.70165603482271e-24
10	10	1
10	11	0
10	12	0
10	13	0
10	14	0
10	15	0
10	16	0
10	17	0
10	18	0
10	19	0
10	20	0
10	21	0
10	22	0
10	23	0
10	24	0
10	25	3.68439793897882e-25
10	26	0
10	27	0
10	28	0
10	29	0
11	11	1
11	12	0
11	13	0
11	14	0
11	15	0
11	16	0
11	17	0
11	18	5.1909472074905e-24
11	19	0
11	20	0
11	21	6.43250680519216e-12
11	22	0
11	23	0
11	24	0
11	25	0
11	26	-4.10459686536887e-23
11	27	0
11	28	0
11	29	0
12	12	1
12	13	0
12	14	0.333333333333333
12	15	5.25190844600364e-27
12	16	4.00616083345989e-25
12	17	1.78980270200289e-13
12	18	0
12	19	0
12	20	-2.12034707099479e-24
12	21	0
12	22	0
12	23	-9.26700219604682e-12
12	24	1.22813264632627e-25
12	25	0
12	26	0
12	27	3.68439793897882e-25
12	28	0
12	29	9.70165603482271e-24
13	13	1
13	14	0
13	15	0
13	16	0
13	17	0
13	18	0
13	19	5.1909472074905e-24
13	20	0
13	21	0
13	22	6.43250680519216e-12
13	23	0
13	24	0
13	25	0
13	26	0
13	27	0
13	28	-4.10459686536887e-23
13	29	0
14	14	1
14	15	8.20847145564074e-25
14	16	6.26142995181481e-23
14	17	4.72945664664468e-12
14	18	0
14	19	0
14	20	-3.30317153465817e-22
14	21	0
14	22	0
14	23	-2.04143325852168e-10
14	24	2.00179702639634e-23
14	25	0
14	26	0
14	27	2.00179702639634e-23
14	28	0
14	29	1.52634959397308e-21
15	15	1
15	16	-0.211448870697303
15	17	0.185560597916165
15	18	0
15	19	0
15	20	0
15	21	0
15	22	0
15	23	0
15	24	0.0519028820356046
15	25	0
15	26	0
15	27	0.0519028820356046
15	28	0
15	29	0.0519028820356046
16	16	1
16	17	0.729092421670222
16	18	0
16	19	0
16	20	0
16	21	0
16	22	0
16	23	0
16	24	0.603504086573017
16	25	0
16	26	0
16	27	0.603504086573017
16	28	0
16	29	0.603504086573017
17	17	1
17	18	0
17	19	0
17	20	0
17	21	0
17	22	0
17	23	0
17	24	0.68864445958033
17	25	0
17	26	0
17	27	0.68864445958033
17	28	0
17	29	0.68864445958033
18	18	1
18	19	0
18	20	0
18	21	0.542832912124227
18	22	0
18	23	0
18	24	0
18	25	0
18	26	0
18	27	0
18	28	0
18	29	0
19	19	1
19	20	0
19	21	0
19	22	0.542832912124227
19	23	0
19	24	0
19	25	0
19	26	0
19	27	0
19	28	0
19	29	0
20	20	1
20	21	0
20	22	0
20	23	0.542832912124227
20	24	0
20	25	0
20	26	0
20	27	0
20	28	0
20	29	0
21	21	1
21	22	0
21	23	0
21	24	0
21	25	0
21	26	0
21	27	0
21	28	0
21	29	0
22	22	1
22	23	0
22	24	0
22	25	0
22	26	0
22	27	0
22	28	0
22	29	0
23	23	1
23	24	0
23	25	0
23	26	0
23	27	0
23	28	0
23	29	0
24	24	1
24	25	0
24	26	0
24	27	0.333333333333333
24	28	0
24	29	0.333333333333333
25	25	1
25	26	0
25	27	0
25	28	0
25	29	0
26	26	1
26	27	0
26	28	0
26	29	0
27	27	1
27	28	0
27	29	0.333333333333333
28	28	1
28	29	0
29	29	1
