0	0	6.77684907011717
0	1	-3.13691077088053
0	2	0.0295941351716946
0	3	0
0	4	0
0	5	0
0	6	0
0	7	0
0	8	0
0	9	-0.146569117249475
0	10	0
0	11	0
0	12	-0.146569117249475
0	13	0
0	14	-0.146569117249475
0	15	-7.54074167008391e-24
0	16	-5.75208453115825e-22
0	17	-1.25101556210369e-13
0	18	0
0	19	0
0	20	2.72917639744447e-21
0	21	0
0	22	0
0	23	3.72256509646953e-12
0	24	-2.49837866181081e-22
0	25	0
0	26	0
0	27	-2.49837866181081e-22
0	28	0
0	29	-1.20764498887389e-20
1	1	1.74318900239809
1	2	0.0953299209749933
1	3	0
1	4	0
1	5	0
1	6	0
1	7	0
1	8	0
1	9	0.202482778053873
1	10	0
1	11	0
1	12	0.202482778053873
1	13	0
1	14	0.202482778053873
1	15	-6.5063129549179e-22
1	16	-4.96302137644258e-20
1	17	-1.07920613524504e-11
1	18	0
1	19	0
1	20	2.35479168069041e-19
1	21	0
1	22	0
1	23	3.20814613263508e-10
1	24	-2.15565446541139e-20
1	25	0
1	26	0
1	27	-2.15565446541139e-20
1	28	0
1	29	-1.04198188716952e-18
2	2	0.08835
2	3	0
2	4	0
2	5	0
2	6	0
2	7	0
2	8	0
2	9	0.0779797938318441
2	10	0
2	11	0
2	12	0.0779797938318441
2	13	0
2	14	0.0779797938318441
2	15	-6.0163310224487e-11
2	16	-2.45339399490524e-09
2	17	-2.7762059951934e-07
2	18	0
2	19	0
2	20	5.59343310326674e-09
2	21	0
2	22	0
2	23	1.87503216909218e-06
2	24	-2.04936967060328e-09
2	25	0
2	26	0
2	27	-2.04936967060328e-09
2	28	0
2	29	-1.45648824698585e-08
3	3	0.701107869515937
3	4	0
3	5	0
3	6	0.138644400837837
3	7	0
3	8	0
3	9	0
3	10	0
3	11	0
3	12	0
3	13	0
3	14	0
3	15	0
3	16	0
3	17	0
3	18	-2.3167803980772e-21
3	19	0
3	20	0
3	21	-1.5137288221225e-11
3	22	0
3	23	0
3	24	0
3	25	0
3	26	1.77154084106199e-20
3	27	0
3	28	0
3	29	0
4	4	0.701107869515937
4	5	0
4	6	0
4	7	0.138644400837837
4	8	0
4	9	0
4	10	0
4	11	0
4	12	0
4	13	0
4	14	0
4	15	0
4	16	0
4	17	0
4	18	0
4	19	-2.3167803980772e-21
4	20	0
4	21	0
4	22	-1.5137288221225e-11
4	23	0
4	24	0
4	25	0
4	26	0
4	27	0
4	28	1.77154084106199e-20
4	29	0
5	5	0.701107869515937
5	6	0
5	7	0
5	8	0.138644400837837
5	9	0
5	10	0
5	11	0
5	12	0
5	13	0
5	14	0
5	15	-5.97183411068987e-22
5	16	-4.55532076784846e-20
5	17	-2.40861816347178e-11
5	18	0
5	19	0
5	20	2.21670512449861e-19
5	21	0
5	22	0
5	23	7.27109734704494e-10
5	24	-1.8591564960696e-20
5	25	0
5	26	0
5	27	-1.8591564960696e-20
5	28	0
5	29	-9.937122409494e-19
6	6	0.15045
6	7	0
6	8	0
6	9	0
6	10	0
6	11	0
6	12	0
6	13	0
6	14	0
6	15	0
6	16	0
6	17	0
6	18	-8.42970717388775e-10
6	19	0
6	20	0
6	21	-3.29619673105665e-07
6	22	0
6	23	0
6	24	0
6	25	0
6	26	3.32828875123713e-09
6	27	0
6	28	0
6	29	0
7	7	0.15045
7	8	0
7	9	0
7	10	0
7	11	0
7	12	0
7	13	0
7	14	0
7	15	0
7	16	0
7	17	0
7	18	0
7	19	-8.42970717388775e-10
7	20	0
7	21	0
7	22	-3.29619673105665e-07
7	23	0
7	24	0
7	25	0
7	26	0
7	27	0
7	28	3.32828875123713e-09
7	29	0
8	8	0.15045
8	9	0
8	10	0
8	11	0
8	12	0
8	13	0
8	14	0
8	15	-3.50549085175017e-10
8	16	-1.40265865241518e-08
8	17	-1.34583803455366e-06
8	18	0
8	19	0
8	20	3.17064928633752e-08
8	21	0
8	22	0
8	23	8.60674774240841e-06
8	24	-1.17104464245914e-08
8	25	0
8	26	0
8	27	-1.17104464245914e-08
8	28	0
8	29	-8.19360272244352e-08
9	9	0.515666666666667
9	10	0
9	11	0
9	12	-0.0396666666666667
9	13	0
9	14	-0.0396666666666667
9	15	-8.07747515215023e-26
9	16	-6.1615058450574e-24
9	17	-7.2545298717087e-13
9	18	0
9	19	0
9	20	3.23137057266586e-23
9	21	0
9	22	0
9	23	3.1723827512897e-11
9	24	-5.59930681086088e-24
9	25	0
9	26	0
9	27	-1.9615749459557e-24
9	28	0
9	29	-1.47703667972489e-22
10	10	0.833
10	11	0
10	12	0
10	13	0
10	14	0
10	15	0
10	16	0
10	17	0
10	18	0
10	19	0
10	20	0
10	21	0
10	22	0
10	23	0
10	24	0
10	25	-5.45659779735776e-24
10	26	0
10	27	0
10	28	0
10	29	0
11	11	0.833
11	12	0
11	13	0
11	14	0
11	15	0
11	16	0
11	17	0
11	18	-7.5616626961177e-23
11	19	0
11	20	0
11	21	-2.07934041941876e-11
11	22	0
11	23	0
11	24	0
11	25	0
11	26	5.96253343739961e-22
11	27	0
11	28	0
11	29	0
12	12	0.515666666666667
12	13	0
12	14	-0.0396666666666667
12	15	-8.07747515215023e-26
12	16	-6.1615058450574e-24
12	17	-7.2545298717087e-13
12	18	0
12	19	0
12	20	3.23137057266586e-23
12	21	0
12	22	0
12	23	3.1723827512897e-11
12	24	-1.9615749459557e-24
12	25	0
12	26	0
12	27	-5.59930681086088e-24
12	28	0
12	29	-1.47703667972489e-22
13	13	0.833
13	14	0
13	15	0
13	16	0
13	17	0
13	18	0
13	19	-7.5616626961177e-23
13	20	0
13	21	0
13	22	-2.07934041941876e-11
13	23	0
13	24	0
13	25	0
13	26	0
13	27	0
13	28	5.96253343739961e-22
13	29	0
14	14	0.515666666666667
14	15	-1.1855289640547e-23
14	16	-9.04322638427043e-22
14	17	-1.75604767922596e-11
14	18	0
14	19	0
14	20	4.71999994431505e-21
14	21	0
14	22	0
14	23	6.34120944440995e-10
14	24	-3.00488406298506e-22
14	25	0
14	26	0
14	27	-3.00488406298506e-22
14	28	0
14	29	-2.17565669168016e-20
15	15	10.9194627890777
15	16	-5.51440000791761
15	17	0.0553639169724446
15	18	0
15	19	0
15	20	0
15	21	0
15	22	0
15	23	0
15	24	-0.205583373970609
15	25	0
15	26	0
15	27	-0.205583373970609
15	28	0
15	29	-0.205583373970609
16	16	3.31911393031906
16	17	0.165557445886774
16	18	0
16	19	0
16	20	0
16	21	0
16	22	0
16	23	0
16	24	0.25837042508126
16	25	0
16	26	0
16	27	0.25837042508126
16	28	0
16	29	0.25837042508126
17	17	0.15645
17	18	0
17	19	0
17	20	0
17	21	0
17	22	0
17	23	0
17	24	0.131736499657771
17	25	0
17	26	0
17	27	0.131736499657771
17	28	0
17	29	0.131736499657771
18	18	1.30390059577763
18	19	0
18	20	0
18	21	0.205955852662836
18	22	0
18	23	0
18	24	0
18	25	0
18	26	0
18	27	0
18	28	0
18	29	0
19	19	1.30390059577763
19	20	0
19	21	0
19	22	0.205955852662836
19	23	0
19	24	0
19	25	0
19	26	0
19	27	0
19	28	0
19	29	0
20	20	1.30390059577763
20	21	0
20	22	0
20	23	0.205955852662836
20	24	0
20	25	0
20	26	0
20	27	0
20	28	0
20	29	0
21	21	0.23845
21	22	0
21	23	0
21	24	0
21	25	0
21	26	0
21	27	0
21	28	0
21	29	0
22	22	0.23845
22	23	0
22	24	0
22	25	0
22	26	0
22	27	0
22	28	0
22	29	0
23	23	0.23845
23	24	0
23	25	0
23	26	0
23	27	0
23	28	0
23	29	0
24	24	0.743166666666667
24	25	0
24	26	0
24	27	-0.0571666666666667
24	28	0
24	29	-0.0571666666666667
25	25	1.2005
25	26	0
25	27	0
25	28	0
25	29	0
26	26	1.2005
26	27	0
26	28	0
26	29	0
27	27	0.743166666666667
27	28	0
27	29	-0.0571666666666667
28	28	1.2005
28	29	0
29	29	0.743166666666667
