0	0	-0.25
0	1	0.0501411928181003
0	2	-0.0437985696765693
0	3	-0
0	4	-0
0	5	-0.00177056657523749
0	6	-0
0	7	-0
0	8	-0.000405684206359493
0	9	-0.0151066507381413
0	10	-0
0	11	-0
0	12	-0.0151066507381413
0	13	-0
0	14	-0.0151539368537073
0	15	-5.02206544231799e-25
0	16	-3.83083568397292e-23
0	17	-1.49083448357642e-14
0	18	-0
0	19	-0
0	20	1.82047806345556e-22
0	21	-0
0	22	-0
0	23	4.99869709613175e-13
0	24	-1.60931520811601e-23
0	25	-0
0	26	-0
0	27	-1.60931520811601e-23
0	28	-0
0	29	-8.06319813143488e-22
1	1	-0.25
1	2	-0.186951803793461
1	3	-0
1	4	-0
1	5	-0.0140697721872465
1	6	-0
1	7	-0
1	8	-0.0108729969999188
1	9	-0.16425686853525
1	10	-0
1	11	-0
1	12	-0.16425686853525
1	13	-0
1	14	-0.165801312308792
1	15	-4.33314531612054e-23
1	16	-3.30532684041906e-21
1	17	-1.28624889666701e-12
1	18	-0
1	19	-0
1	20	1.57074735173536e-20
1	21	-0
1	22	-0
1	23	4.31125952740371e-11
1	24	-1.38855153050152e-21
1	25	-0
1	26	-0
1	27	-1.38855153050152e-21
1	28	-0
1	29	-6.95709954748269e-20
2	2	-0.25
2	3	-0
2	4	-0
2	5	-0.0149897655734471
2	6	-0
2	7	-0
2	8	-0.0257489569956433
2	9	-0.16413179086097
2	10	-0
2	11	-0
2	12	-0.16413179086097
2	13	-0
2	14	-0.16621362483942
2	15	-1.34280256557502e-10
2	16	-2.12878139754045e-09
2	17	-1.88410990530984e-07
2	18	-0
2	19	-0
2	20	4.63563797911762e-09
2	21	-0
2	22	-0
2	23	1.31968354494756e-06
2	24	-1.58774951609368e-09
2	25	-0
2	26	-0
2	27	-1.58774951609368e-09
2	28	-0
2	29	-1.14604765220696e-08
3	3	-0.249375665538706
3	4	-0
3	5	-0
3	6	-0.147058807856071
3	7	-0
3	8	-0
3	9	-0
3	10	-0
3	11	-0.0122782656130295
3	12	-0
3	13	-0
3	14	-0
3	15	-0
3	16	-0
3	17	-0
3	18	-1.33866184384107e-22
3	19	-0
3	20	-0
3	21	-1.88348338176428e-12
3	22	-0
3	23	-0
3	24	-0
3	25	-0
3	26	1.02543906067117e-21
3	27	-0
3	28	-0
3	29	-0
4	4	-0.249375665538706
4	5	-0
4	6	-0
4	7	-0.147058807856071
4	8	-0
4	9	-0
4	10	-0
4	11	-0
4	12	-0
4	13	-0.0122782656130295
4	14	-0
4	15	-0
4	16	-0
4	17	-0
4	18	-0
4	19	-1.33866184384107e-22
4	20	-0
4	21	-0
4	22	-1.88348338176428e-12
4	23	-0
4	24	-0
4	25	-0
4	26	-0
4	27	-0
4	28	1.02543906067117e-21
4	29	-0
5	5	-0.251248668922589
5	6	-0
5	7	-0
5	8	-0.149086682968735
5	9	-0.00708885995686433
5	10	-0
5	11	-0
5	12	-0.00708885995686433
5	13	-0
5	14	-0.0215595585869316
5	15	-3.55220157231159e-23
5	16	-2.70962272345944e-21
5	17	-2.80437032324189e-12
5	18	-0
5	19	-0
5	20	1.32194881483597e-20
5	21	-0
5	22	-0
5	23	9.64920069653823e-11
5	24	-1.06914349185771e-21
5	25	-0
5	26	-0
5	27	-1.06914349185771e-21
5	28	-0
5	29	-5.9337735784024e-20
6	6	-0.247403622465936
6	7	-0
6	8	-0
6	9	-0
6	10	-0
6	11	-0.0116583923896917
6	12	-0
6	13	-0
6	14	-0
6	15	-0
6	16	-0
6	17	-0
6	18	-6.6306662506961e-10
6	19	-0
6	20	-0
6	21	-2.22801582182837e-07
6	22	-0
6	23	-0
6	24	-0
6	25	-0
6	26	2.49722761200611e-09
6	27	-0
6	28	-0
6	29	-0
7	7	-0.247403622465936
7	8	-0
7	9	-0
7	10	-0
7	11	-0
7	12	-0
7	13	-0.0116583923896917
7	14	-0
7	15	-0
7	16	-0
7	17	-0
7	18	-0
7	19	-6.6306662506961e-10
7	20	-0
7	21	-0
7	22	-2.22801582182837e-07
7	23	-0
7	24	-0
7	25	-0
7	26	-0
7	27	-0
7	28	2.49722761200611e-09
7	29	-0
8	8	-0.255192755068129
8	9	-0.00673097598450681
8	10	-0
8	11	-0
8	12	-0.00673097598450681
8	13	-0
8	14	-0.0206215724520753
8	15	-7.98478449245919e-10
8	16	-1.24403886737341e-08
8	17	-9.74797726435061e-07
8	18	-0
8	19	-0
8	20	2.6945650678607e-08
8	21	-0
8	22	-0
8	23	6.55160445247253e-06
8	24	-9.25788585935422e-09
8	25	-0
8	26	-0
8	27	-9.25788585935422e-09
8	28	-0
8	29	-6.62469689412837e-08
9	9	-0.248692146895523
9	10	-0
9	11	-0
9	12	-0.0828973822985076
9	13	-0
9	14	-0.0835452747275381
9	15	-3.10981145052783e-27
9	16	-2.37216717705891e-25
9	17	-6.38678214113505e-14
9	18	-0
9	19	-0
9	20	1.24751928224618e-24
9	21	-0
9	22	-0
9	23	3.19798051109847e-12
9	24	-2.19201617585548e-25
9	25	-0
9	26	-0
9	27	-7.30672058618493e-26
9	28	-0
9	29	-5.7025860138319e-24
10	10	-0.248692146895523
10	11	-0
10	12	-0
10	13	-0
10	14	-0
10	15	-0
10	16	-0
10	17	-0
10	18	-0
10	19	-0
10	20	-0
10	21	-0
10	22	-0
10	23	-0
10	24	-0
10	25	-2.19201617585548e-25
10	26	-0
10	27	-0
10	28	-0
10	29	-0
11	11	-0.250635824182614
11	12	-0
11	13	-0
11	14	-0
11	15	-0
11	16	-0
11	17	-0
11	18	-3.11933608357016e-24
11	19	-0
11	20	-0
11	21	-2.27646095666411e-12
11	22	-0
11	23	-0
11	24	-0
11	25	-0
11	26	2.46282299467926e-23
11	27	-0
11	28	-0
11	29	-0
12	12	-0.248692146895523
12	13	-0
12	14	-0.0835452747275381
12	15	-3.10981145052783e-27
12	16	-2.37216717705891e-25
12	17	-6.38678214113505e-14
12	18	-0
12	19	-0
12	20	1.24751928224618e-24
12	21	-0
12	22	-0
12	23	3.19798051109847e-12
12	24	-7.30672058618493e-26
12	25	-0
12	26	-0
12	27	-2.19201617585548e-25
12	28	-0
12	29	-5.7025860138319e-24
13	13	-0.250635824182614
13	14	-0
13	15	-0
13	16	-0
13	17	-0
13	18	-0
13	19	-3.11933608357016e-24
13	20	-0
13	21	-0
13	22	-2.27646095666411e-12
13	23	-0
13	24	-0
13	25	-0
13	26	-0
13	27	-0
13	28	2.46282299467926e-23
13	29	-0
14	14	-0.252639842701787
14	15	-5.01139606496533e-25
14	16	-3.82269775690479e-23
14	17	-1.75789442735955e-12
14	18	-0
14	19	-0
14	20	2.00252117599538e-22
14	21	-0
14	22	-0
14	23	7.35054355741229e-11
14	24	-1.226971669932e-23
14	25	-0
14	26	-0
14	27	-1.226971669932e-23
14	28	-0
14	29	-9.23900781459632e-22
15	15	-23.356685034834
15	16	8.51518403871348
15	17	-2.12809644255422
15	18	-0
15	19	-0
15	20	-2.21409766025972e-16
15	21	-0
15	22	-0
15	23	-2.11810955154016e-15
15	24	-0.317595205444652
15	25	-0
15	26	-0
15	27	-0.317595205444652
15	28	-0
15	29	-0.317595205444652
16	16	-6.80514128992819
16	17	-1.7997116219539
16	18	-0
16	19	-0
16	20	-2.50391892352363e-15
16	21	-0
16	22	-0
16	23	1.60041037963294e-15
16	24	-1.74739526714147
16	25	-0
16	26	-0
16	27	-1.74739526714147
16	28	-0
16	29	-1.74739526714147
17	17	-2.57680892302745
17	18	-0
17	19	-0
17	20	4.08442309171022e-15
17	21	-0
17	22	-0
17	23	-0
17	24	-1.73232076589921
17	25	-0
17	26	-0
17	27	-1.73232076589921
17	28	-0
17	29	-1.73232076589921
18	18	-4.02385041000365
18	19	-0
18	20	-0
18	21	-1.46090001770962
18	22	-0
18	23	-0
18	24	-0
18	25	-0
18	26	-0
18	27	-0
18	28	-0
18	29	-0
19	19	-4.02385041000365
19	20	-0
19	21	-0
19	22	-1.46090001770962
19	23	-0
19	24	-0
19	25	-0
19	26	-0
19	27	-0
19	28	-0
19	29	-0
20	20	-4.02385041000365
20	21	-0
20	22	-0
20	23	-1.46090001770962
20	24	-0
20	25	-0
20	26	-0
20	27	-0
20	28	-0
20	29	-0
21	21	-1.64277264117602
21	22	-0
21	23	-0
21	24	-0
21	25	-0
21	26	5.12830536793938e-15
21	27	-0
21	28	-0
21	29	-0
22	22	-1.64277264117602
22	23	-0
22	24	-0
22	25	-0
22	26	-0
22	27	-0
22	28	5.12830536793938e-15
22	29	-0
23	23	-1.64277264117602
23	24	2.96082848466641e-15
23	25	-0
23	26	-0
23	27	2.96082848466641e-15
23	28	-0
23	29	8.88248545399922e-15
24	24	-2.4922169731665
24	25	-0
24	26	-0
24	27	-0.830738991055499
24	28	-0
24	29	-0.830738991055499
25	25	-2.4922169731665
25	26	-0
25	27	-0
25	28	-0
25	29	-0
26	26	-2.4922169731665
26	27	-0
26	28	-0
26	29	-0
27	27	-2.4922169731665
27	28	-0
27	29	-0.830738991055499
28	28	-2.4922169731665
28	29	-0
29	29	-2.4922169731665
