0	0	-14.7176573966972
0	1	4.98184804928985
0	2	-1.25624348234017
0	3	-0
0	4	-0
0	5	-0
0	6	-0
0	7	-0
0	8	-0
0	9	-0.237296922574839
0	10	-0
0	11	-0
0	12	-0.237296922574839
0	13	-0
0	14	-0.237296922574839
0	15	-2.18563152496734e-25
0	16	-1.66720178688693e-23
0	17	-2.07164157200067e-14
0	18	-0
0	19	-0
0	20	8.08307015275405e-23
0	21	-0
0	22	-0
0	23	7.84791188678421e-13
0	24	-6.89752325871059e-24
0	25	-0
0	26	-0
0	27	-6.89752325871059e-24
0	28	-0
0	29	-3.61578818058659e-22
1	1	-3.87464747042238
1	2	-1.13103279889713
1	3	-0
1	4	-0
1	5	-0
1	6	-0
1	7	-0
1	8	-0
1	9	-1.19712514832801
1	10	-0
1	11	-0
1	12	-1.19712514832801
1	13	-0
1	14	-1.19712514832801
1	15	-1.88580955663659e-23
1	16	-1.43849730690536e-21
1	17	-1.78668335230954e-12
1	18	-0
1	19	-0
1	20	6.97424555186874e-21
1	21	-0
1	22	-0
1	23	6.75069861569039e-11
1	24	-5.95133037285136e-22
1	25	-0
1	26	-0
1	27	-5.95133037285136e-22
1	28	-0
1	29	-3.11977926188894e-20
2	2	-1.54912939870007
2	3	-0
2	4	-0
2	5	-0
2	6	-0
2	7	-0
2	8	-0
2	9	-1.08097065443019
2	10	-0
2	11	-0
2	12	-1.08097065443019
2	13	-0
2	14	-1.08097065443019
2	15	-6.40657983884265e-12
2	16	-3.12529052097414e-10
2	17	-8.51223078268216e-08
2	18	-0
2	19	-0
2	20	7.6317971007235e-10
2	21	-0
2	22	-0
2	23	7.1402577109575e-07
2	24	-2.53293427257839e-10
2	25	-0
2	26	-0
2	27	-2.53293427257839e-10
2	28	-0
2	29	-2.10056515506002e-09
3	3	-2.35732127714076
3	4	-0
3	5	-0
3	6	-0.967383762916268
3	7	-0
3	8	-0
3	9	-0
3	10	-0
3	11	-0
3	12	-0
3	13	-0
3	14	-0
3	15	-0
3	16	-0
3	17	-0
3	18	-6.28423089671855e-23
3	19	-0
3	20	-0
3	21	-2.98785006483589e-12
3	22	-0
3	23	-0
3	24	-0
3	25	-0
3	26	4.85256795486483e-22
3	27	-0
3	28	-0
3	29	-0
4	4	-2.35732127714076
4	5	-0
4	6	-0
4	7	-0.967383762916268
4	8	-0
4	9	-0
4	10	-0
4	11	-0
4	12	-0
4	13	-0
4	14	-0
4	15	-0
4	16	-0
4	17	-0
4	18	-0
4	19	-6.28423089671855e-23
4	20	-0
4	21	-0
4	22	-2.98785006483589e-12
4	23	-0
4	24	-0
4	25	-0
4	26	-0
4	27	-0
4	28	4.85256795486483e-22
4	29	-0
5	5	-2.35732127714076
5	6	-0
5	7	-0
5	8	-0.967383762916268
5	9	-0
5	10	-0
5	11	-0
5	12	-0
5	13	-0
5	14	-0
5	15	-1.63887537237966e-23
5	16	-1.25013571116906e-21
5	17	-3.97915049393302e-12
5	18	-0
5	19	-0
5	20	6.20726348843822e-21
5	21	-0
5	22	-0
5	23	1.52882183782866e-10
5	24	-4.84945310465031e-22
5	25	-0
5	26	-0
5	27	-4.84945310465031e-22
5	28	-0
5	29	-2.80803719843343e-20
6	6	-1.04391438254063
6	7	-0
6	8	-0
6	9	-0
6	10	-0
6	11	-0
6	12	-0
6	13	-0
6	14	-0
6	15	-0
6	16	-0
6	17	-0
6	18	-1.07819863385947e-10
6	19	-0
6	20	-0
6	21	-1.16301711637797e-07
6	22	-0
6	23	-0
6	24	-0
6	25	-0
6	26	4.58976831851733e-10
6	27	-0
6	28	-0
6	29	-0
7	7	-1.04391438254063
7	8	-0
7	9	-0
7	10	-0
7	11	-0
7	12	-0
7	13	-0
7	14	-0
7	15	-0
7	16	-0
7	17	-0
7	18	-0
7	19	-1.07819863385947e-10
7	20	-0
7	21	-0
7	22	-1.16301711637797e-07
7	23	-0
7	24	-0
7	25	-0
7	26	-0
7	27	-0
7	28	4.58976831851733e-10
7	29	-0
8	8	-1.04391438254063
8	9	-0
8	10	-0
8	11	-0
8	12	-0
8	13	-0
8	14	-0
8	15	-3.75766367165438e-11
8	16	-1.8146702323512e-09
8	17	-4.27471181082692e-07
8	18	-0
8	19	-0
8	20	4.40622636086233e-09
8	21	-0
8	22	-0
8	23	3.42802919744112e-06
8	24	-1.46837424050523e-09
8	25	-0
8	26	-0
8	27	-1.46837424050523e-09
8	28	-0
8	29	-1.20669606798387e-08
9	9	-1.66079968937723
9	10	-0
9	11	-0
9	12	-0.553599896459078
9	13	-0
9	14	-0.553599896459078
9	15	-1.78973103984407e-27
9	16	-1.36520856522322e-25
9	17	-1.12857647538634e-13
9	18	-0
9	19	-0
9	20	7.25870584165271e-25
9	21	-0
9	22	-0
9	23	6.28399328727359e-12
9	24	-1.23291634738177e-25
9	25	-0
9	26	-0
9	27	-4.10972115793923e-26
9	28	-0
9	29	-3.32355918511397e-24
10	10	-1.66079968937723
10	11	-0
10	12	-0
10	13	-0
10	14	-0
10	15	-0
10	16	-0
10	17	-0
10	18	-0
10	19	-0
10	20	-0
10	21	-0
10	22	-0
10	23	-0
10	24	-0
10	25	-1.23291634738177e-25
10	26	-0
10	27	-0
10	28	-0
10	29	-0
11	11	-1.66079968937723
11	12	-0
11	13	-0
11	14	-0
11	15	-0
11	16	-0
11	17	-0
11	18	-1.75041873459685e-24
11	19	-0
11	20	-0
11	21	-4.11302899086802e-12
11	22	-0
11	23	-0
11	24	-0
11	25	-0
11	26	1.38555489704217e-23
11	27	-0
11	28	-0
11	29	-0
12	12	-1.66079968937723
12	13	-0
12	14	-0.553599896459078
12	15	-1.78973103984407e-27
12	16	-1.36520856522322e-25
12	17	-1.12857647538634e-13
12	18	-0
12	19	-0
12	20	7.25870584165271e-25
12	21	-0
12	22	-0
12	23	6.28399328727359e-12
12	24	-4.10972115793923e-26
12	25	-0
12	26	-0
12	27	-1.23291634738177e-25
12	28	-0
12	29	-3.32355918511397e-24
13	13	-1.66079968937723
13	14	-0
13	15	-0
13	16	-0
13	17	-0
13	18	-0
13	19	-1.75041873459685e-24
13	20	-0
13	21	-0
13	22	-4.11302899086802e-12
13	23	-0
13	24	-0
13	25	-0
13	26	-0
13	27	-0
13	28	1.38555489704217e-23
13	29	-0
14	14	-1.66079968937723
14	15	-2.7795951983778e-25
14	16	-2.12027790108433e-23
14	17	-2.87858577543414e-12
14	18	-0
14	19	-0
14	20	1.12380939577193e-22
14	21	-0
14	22	-0
14	23	1.3285479654926e-10
14	24	-6.65855853391136e-24
14	25	-0
14	26	-0
14	27	-6.65855853391136e-24
14	28	-0
14	29	-5.19771242844773e-22
15	15	-0.2
15	16	0.0422897741394605
15	17	-0.037112119583233
15	18	-0
15	19	-0
15	20	0.00120725890294624
15	21	-0
15	22	-0
15	23	0.000244246570454933
15	24	-0.0103734615141134
15	25	-0
15	26	-0
15	27	-0.0103734615141134
15	28	-0
15	29	-0.0103948061931359
16	16	-0.2
16	17	-0.145818484334044
16	18	-0
16	19	-0
16	20	0.00821753266065127
16	21	-0
16	22	-0
16	23	0.005836418291282
16	24	-0.120467751517778
16	25	-0
16	26	-0
16	27	-0.120467751517778
16	28	-0
16	29	-0.121166948908254
17	17	-0.2
17	18	-0
17	19	-0
17	20	0.00896401882187665
17	21	-0
17	22	-0
17	23	0.0154434189236831
17	24	-0.137344002323186
17	25	-0
17	26	-0
17	27	-0.137344002323186
17	28	-0
17	29	-0.138498671101825
18	18	-0.19972377107436
18	19	-0
18	20	-0
18	21	-0.10827572192313
18	22	-0
18	23	-0
18	24	-0
18	25	-0
18	26	0.00730511984667397
18	27	-0
18	28	-0
18	29	-0
19	19	-0.19972377107436
19	20	-0
19	21	-0
19	22	-0.10827572192313
19	23	-0
19	24	-0
19	25	-0
19	26	-0
19	27	-0
19	28	0.00730511984667397
19	29	-0
20	20	-0.200552457851279
20	21	-0
20	22	-0
20	23	-0.109148303428276
20	24	0.00421761290993969
20	25	-0
20	26	-0
20	27	0.00421761290993969
20	28	-0
20	29	0.0127634828749209
21	21	-0.198689452715454
21	22	-0
21	23	-0
21	24	-0
21	25	-0
21	26	0.00819318481229856
21	27	-0
21	28	-0
21	29	-0
22	22	-0.198689452715454
22	23	-0
22	24	-0
22	25	-0
22	26	-0
22	27	-0
22	28	0.00819318481229856
22	29	-0
23	23	-0.202621094569092
23	24	0.00473033745690093
23	25	-0
23	26	-0
23	27	0.00473033745690093
23	28	-0
23	29	0.0143950798011997
24	24	-0.199273129180869
24	25	-0
24	26	-0
24	27	-0.0664243763936228
24	28	-0
24	29	-0.0667854876227875
25	25	-0.199273129180868
25	26	-0
25	27	-0
25	28	-0
25	29	-0
26	26	-0.200356462868363
26	27	-0
26	28	-0
26	29	-0
27	27	-0.199273129180869
27	28	-0
27	29	-0.0667854876227875
28	28	-0.200356462868363
28	29	-0
29	29	-0.201463038359867
